TrainingClassificationError_1: 0.80492857142857,0.86077248677249,0.87455026455026,0.88647354497355,0.89137566137566,0.8921455026455,0.89985185185185,0.90371693121693,0.90875132275132,0.9103544973545,0.91218783068783,0.91324338624339,0.91652116402116,0.91862169312169,0.91995502645503,0.92012433862434,0.92073015873016,0.91963227513228,0.92401851851852,0.92538888888889,0.9257380952381,0.92447883597884,0.92568253968254,0.92680423280423,0.92698677248677,0.92756349206349,0.92863756613757,0.92912698412698,0.93036243386243,0.92764285714286
TestingClassificationError_1: 0.8469,0.85184285714286,0.86842857142857,0.8622,0.83797142857143,0.85575714285714,0.85927142857143,0.8719,0.86921428571429,0.86911428571429,0.86488571428571,0.87058571428571,0.8728,0.87574285714286,0.86805714285714,0.86618571428571,0.85358571428571,0.87314285714286,0.8748,0.87378571428571,0.86295714285714,0.86318571428571,0.86492857142857,0.86405714285714,0.86075714285714,0.8669,0.86605714285714,0.86812857142857,0.85101428571429,0.86898571428571
