TrainingClassificationError_0: 0.82181168831169,0.86832010582011,0.88491534391534,0.89507936507937,0.90190740740741,0.90439417989418,0.90804232804233,0.90939153439153,0.9167328042328,0.91740476190476,0.91992328042328,0.91951058201058,0.92154232804233,0.92438095238095,0.92547619047619,0.92586243386243,0.9266746031746,0.92761375661376,0.92966931216931,0.92971693121693,0.93113756613757,0.92905026455026,0.93074603174603,0.93122222222222,0.93127513227513,0.93420105820106,0.93372751322751,0.93496825396825,0.93407142857143,0.93481746031746
TestingClassificationError_0: 0.84744285714286,0.8626,0.86998571428571,0.87168571428571,0.86134285714286,0.8608,0.85268571428571,0.87798571428571,0.87054285714286,0.87528571428571,0.86102857142857,0.86605714285714,0.87281428571429,0.87397142857143,0.86952857142857,0.86818571428571,0.87015714285714,0.87355714285714,0.8719,0.8755,0.86025714285714,0.86401428571429,0.86438571428571,0.85924285714286,0.87621428571429,0.86974285714286,0.87201428571429,0.86607142857143,0.86524285714286,0.8656
