TrainingClassificationError_2: 0.67793181818182,0.81853968253968,0.84930423280423,0.85878571428571,0.86425925925926,0.86731746031746,0.87194444444444,0.87504232804233,0.8796746031746,0.88207142857143,0.88540211640212,0.88792063492063,0.88942328042328,0.89184656084656,0.89392328042328,0.89546296296296,0.89653968253968,0.89498677248677,0.89954232804233,0.90079365079365,0.90156084656085,0.90072486772487,0.90420899470899,0.90439682539683,0.90406349206349,0.90661904761905,0.90850264550265,0.90939417989418,0.90885978835979,0.90829894179894
TestingClassificationError_2: 0.79782857142857,0.84247142857143,0.85092857142857,0.85238571428571,0.8468,0.85091428571429,0.85011428571429,0.85904285714286,0.85748571428571,0.86297142857143,0.86334285714286,0.86407142857143,0.86558571428571,0.86597142857143,0.86504285714286,0.86358571428571,0.84955714285714,0.86428571428571,0.86345714285714,0.86192857142857,0.85017142857143,0.86181428571429,0.85808571428571,0.85265714285714,0.86035714285714,0.86627142857143,0.86572857142857,0.86112857142857,0.85024285714286,0.85774285714286
